Input source 1: java.util.Random


Alpha                Linear                Double
----------------------------------------------------
0.5                1.491064        1.389323
0.6                1.756712        1.531527
0.7                2.137322        1.721076
0.8                2.977477        2.005990
0.9                5.314225        2.568877
0.95                10.154623        3.132788
0.98                25.793089        3.973082
0.99                42.590073        4.615229




Input source 2: System.currentTimeMillis()


Alpha                Linear                Double
----------------------------------------------------
0.5                1.0                1.0
0.6                1.0                1.0
0.7                1.0                1.0
0.8                1.0                1.0
0.9                1.0                1.0
0.95                1.0                1.0
0.98                1.0                1.0
0.99                1.0                1.0




Input source 3: word-list


Alpha                Linear                Double
----------------------------------------------------
0.5                1.596918        1.388968
0.6                2.149387        1.531796
0.7                3.603872        1.729099
0.8                6.708428        2.018921
0.9                19.814898        2.566935
0.95                110.594009        3.156339
0.98                324.206268        3.982200
0.99                471.671387        4.640189